1
2
18
59
62
93
177
178
179
243
244
245
308
317
422
423
424
434
489
490
491
541
578
894
928
977
994
1005
1112
1160
1224
1253
1293
1294
1295
1352
1424
1470
1505
1528
1566
1567
1568
1601
1712
1737
1779
1829
1883
1940
1941
1942
1943
1944
1945
1963
1994
2025
2146
2147
2148
2149
2173
2178
2285
2304
2357
2410
2411
2412
2426
2437
2444
2486
2489
2501
2502
2516
2536
2570
2574
2590
2591
2592
2648
2651
2672
2676
2679
2732
2739
2742
2745
2791
2792
2793
2794
2810
2811
2812
2813
2826
2827
2828
2829
2842
2845
2875
2878
2899
2904
2909
2910
2959
2960
2961
2962
2979
2982
2985
3073
3074
3075
3076
3104
3123
3124
3125
3126
3129
3130
3133
3134
3144
3145
3162
3176
3177
3178
3181
3202
3207
3210
3213
3282
3285
3340
3421
3424
3445
3450
3453
3456
3521
3524
3527
3658
3767
3770
3791
3796
3799
3802
3867
3870
3873
4004
4014
4025
4029
4164
4167
4188
4193
4196
4199
4223
4255
4261
4292
4385
4386
4429
4433
4439
4440
4443
4464
4469
4472
4475
4524
4527
4530
4649
4652
4658
4659
4662
4683
4688
4691
4694
4745
4748
4751
4844
4868
4890
4893
4896
4903
4909
4910
4913
4934
4939
4942
4945
4996
4999
5002
5110
5111
5112
5113
5114
5115
5116
5122
5123
5126
5147
5152
5155
5158
5201
5204
5207
5365
5370
5372
5375
5396
5401
5404
5418
5451
5454
5462
5575
5601
5606
5608
5611
5632
5637
5640
5651
5684
5687
5697
5820
6055
6058
6061
6064
6065
6070
6072
6075
6096
6101
6104
6114
6147
6150
6160
6287
6292
6294
6297
6318
6323
6326
6336
6369
6372
6382
6497
6498
6499
6500
6501
6502
6503
6504
6505
6506
6507
6508
6509
6510
6511
6512
6513
6514
6515
6516
6517
6518
6519
6520
6521
6522
6523
6524
6525
6526
6560
6562
6565
6586
6591
6594
6604
6640
6643
6653
6780
6781
6782
6783
6784
6785
6815
6816
6817
6822
6824
6827
6848
6853
6856
6866
6902
6905
6915
7046
7047
7048
7052
7053
7054
7058
7059
7060
7061
7062
7063
7064
7065
7066
7070
7071
7072
7086
7107
7112
7114
7117
7138
7143
7146
7156
7192
7195
7205
7329
7339
7343
7346
7371
7372
7377
7379
7382
7403
7408
7411
7421
7457
7460
7470
7600
7608
7613
7615
7618
7639
7644
7647
7657
7693
7696
7706
7824
7825
7831
7836
7838
7841
7862
7867
7870
7880
7916
7919
7929
8094
8110
8111
8116
8118
8121
8142
8147
8150
8160
8196
8199
8209
8352
8353
8359
8364
8366
8369
8390
8395
8398
8408
8444
8447
8457
8591
8594
8599
8601
8604
8625
8630
8633
8643
8679
8682
8692
8860
8864
8868
8872
8937
8942
8944
8947
8968
8973
8976
8986
9022
9025
9035
9153
9177
9178
9179
9183
9188
9190
9193
9214
9219
9222
9232
9268
9271
9281
9442
9445
9448
9470
9483
9488
9490
9493
9514
9519
9522
9532
9568
9571
9581
9705
9715
9730
9753
9754
9756
9761
9762
9763
9764
9765
9766
9767
9954
9959
9961
9964
9985
9990
9993
10003
10039
10042
10052
10136
10186
10226
10231
10233
10236
10257
10262
10265
10275
10311
10314
10324
10408
10448
10459
10460
10461
10476
10477
10478
10479
10480
10481
10483
10484
10485
10490
10492
10495
10516
10521
10524
10534
10570
10573
10583
10667
10701
10726
10729
10732
10735
10737
10742
10744
10747
10768
10773
10776
10786
10822
10825
10835
10955
10956
10957
10958
10959
11344
11345
11368
11369
11383
11393
11394
11395
11400
11402
11405
11426
11431
11434
11444
11480
11483
11493
11577
11632
11648
11649
11712
11713
11714
11715
11725
11726
11727
11732
11734
11737
11758
11763
11766
11776
11777
11813
11816
11826
11827
11911
11946
11949
12004
12005
12006
12011
12013
12016
12037
12042
12045
12055
12056
12092
12095
12105
12106
12190
12225
12266
12270
12293
12298
12300
12303
12324
12329
12332
12342
12343
12379
12382
12392
12393
12477
12487
12495
12496
12497
12506
12507
12508
12509
12518
12521
12571
12572
12573
12574
12575
12576
12577
12578
12579
12589
12591
12596
12598
12601
12622
12627
12630
12640
12641
12677
12678
12681
12691
12692
12776
12811
12820
12821
12826
12828
12831
12852
12857
12860
12870
12871
12907
12910
12920
12921
13005
13040
13043
13046
13056
13077
13091
13105
13119
13123
13126
13165
13166
13174
13179
13181
13184
13205
13210
13213
13223
13224
13260
13263
13273
13274
13358
13401
13406
13416
13417
13418
13424
13426
13429
13450
13455
13458
13468
13469
13505
13506
13509
13519
13520
13604
13775
13778
13808
13814
13816
13819
13840
13845
13848
13858
13859
13895
13898
13908
13909
13993
14033
14037
14051
14053
14054
14055
14056
14057
14058
14059
14060
14061
14062
14063
14064
14065
14066
14067
14068
14069
14070
14071
14072
14073
14074
14080
14082
14085
14106
14111
14114
14124
14125
14161
14164
14174
14175
14259
14301
14311
14342
14353
14359
14361
14365
14386
14391
14394
14404
14405
14441
14444
14454
14455
14539
14574
14576
14579
14582
14585
14608
14628
14637
14638
14639
14645
14647
14650
14671
14676
14679
14689
14690
14726
14729
14739
14740
14824
14890
14891
14903
14906
14909
14945
14951
14953
14956
14977
14982
14985
14995
14996
15032
15035
15045
15046
15130
15169
15351
15360
15361
15362
15363
15368
15374
15376
15379
15400
15405
15408
15418
15419
15455
15458
15468
15469
15553
15598
15599
15607
15613
15615
15618
15882
15893
15896
15930
16179
16182
16183
16184
